 -1863459965  -764342682   524466496  2070057643
   448934053  1367651145  1951270854  1830295917
 -1004468366   469063566  -205154435 -1697323794
   842200507  -668396825   -14257144  1122201198
 -1706841288   650009494 -1050384457  1066836023
  -815776366 -1271800534 -1968532858   475461536
  1436140408  -181240610  -972197367  -461262547
  1470972018   282785169  2016740588 -1223621618
    -7467103  -232898839   230559241    96589725
  -432289587  2004970326  -688221128 -1806206983
  1619334900  -407316689 -1350520050 -1913971141
 -1456493160  -214672078  1272858051  1062251900
  1098197737  -374737947  1111607452 -1801391527
   726930633  1171065822   758918845   376297445
   992717155  -268619814 -1939454518  1953858858
 -2054532507   777677762  -376705652 -1752228360
 -1938637283   824896279   221319388  1294380594
   692035569   235809964 -1098695384  -102803014
   663035654  1924992130  -783984883 -1081293699
  -393029688  -671520569  -400867110   970525028
  -623307614  1600053823 -1893496559 -1480363888
 -1471318019   676151678  1812503642  1817868746
  2119104103  1908143296  -509750161  -722304093
  1720637378  1106903669  -125766742   495789508
   807451972  1685645130   534371476  1138241118
 -1353516557  -121666745   569769500  1949051624
   508564662   965262276  1859290271  1027493512
  -165680025  -133330944 -1804109226 -1782105610
  1338386054  1899056566 -1752082512 -2030718965
  1904720712   889175783   809263695  -296987578
  -743037260   168948271  1466655509  -491840038
   691646154 -1476462273   997670426  1828696465
 -1694939660 -1107154489  1933448836 -1237146323
  1892988498   685978271  1201744777 -1742889304
 -1560067017  2051291042  1022932358  -948327339
 -1470515480  1230177859  -872913607  -855961139
 -1410511703 -1647719202  1732012601 -1859837307
  1215677760 -1032565321
